F4_KNU1_A -52.9282 148.187 -77.0002
F4_KNU1_B -44.0993 138.985 -37.8582
F4_KNU2_A -58.3878 146.896 -99.4708
F4_KNU3_A -62.302 142.001 -114.595
F3_KNU1_A -22.2493 153.917 -84.5014
F3_KNU1_B -23.0833 139.466 -40.6422
F3_KNU2_A -23.7546 153.619 -111.706
F3_KNU3_A -25.8583 148.11 -128.72
F1_KNU1_A 32.6618 141.879 -60.6303
F1_KNU1_B 17.3511 131.42 -32.2729
F1_KNU2_A 39.4744 142.792 -78.0658
F1_KNU3_A 43.6676 139.542 -93.7071
F2_KNU1_A 4.03783 152.719 -76.9095
F2_KNU1_B -1.59798 137.467 -37.3049
F2_KNU2_A 5.22319 154.011 -103.396
F2_KNU3_A 4.50079 149.688 -120.754
TH_KNU1_A -66.8485 127.667 7.967
TH_KNU1_B -30.783 125.001 39.2725
TH_KNU2_A -89.1806 127.64 -15.8795
TH_KNU3_A -108.452 131.261 -26.7618
PALM_POSITION -17.5064 133.472 -17.4593
PALM_NORMAL -0.0834591 -0.994786 -0.0586068
