F4_KNU1_A -56.5155 175.128 -76.0054
F4_KNU1_B -44.6952 165.801 -37.6908
F4_KNU2_A -61.2474 172.482 -98.5223
F4_KNU3_A -63.0187 165.796 -113.361
F3_KNU1_A -31.4025 189.809 -83.4053
F3_KNU1_B -24.9697 172.883 -40.9165
F3_KNU2_A -34.5355 191.164 -110.439
F3_KNU3_A -36.0033 186.679 -127.816
F1_KNU1_A 18.7448 194.923 -62.7172
F1_KNU1_B 16.1593 177.82 -33.5838
F1_KNU2_A 19.6159 199.539 -80.8603
F1_KNU3_A 19.8659 199.308 -97.3733
F2_KNU1_A -6.51886 197.048 -76.1727
F2_KNU1_B -3.85799 177.681 -38.0837
F2_KNU2_A -8.07252 201.991 -102.206
F2_KNU3_A -8.98319 200.585 -120.031
TH_KNU1_A -62.4144 153.416 8.37741
TH_KNU1_B -25.6099 155.747 38.8382
TH_KNU2_A -82.6221 150.142 -17.0845
TH_KNU3_A -101.464 149.735 -29.2386
PALM_POSITION -17.1775 168.653 -17.9845
PALM_NORMAL 0.230765 -0.969973 -0.0768048
