F4_KNU1_A -56.1018 168.896 -76.8095
F4_KNU1_B -44.0635 164.644 -37.6723
F4_KNU2_A -59.8079 165.447 -99.4097
F4_KNU3_A -60.3029 159.477 -114.646
F3_KNU1_A -34.9419 187.737 -85.5615
F3_KNU1_B -26.6439 176.062 -41.6525
F3_KNU2_A -37.7905 188.649 -112.645
F3_KNU3_A -38.3331 185.582 -130.38
F1_KNU1_A 13.2072 206.504 -65.5369
F1_KNU1_B 12.0445 191.304 -35.2783
F1_KNU2_A 14.4753 211.207 -83.6342
F1_KNU3_A 16.0616 212.131 -100.048
F2_KNU1_A -13.8246 201.246 -78.94
F2_KNU1_B -7.33355 186.015 -39.4585
F2_KNU2_A -16.5368 205.75 -104.958
F2_KNU3_A -17.4663 205.544 -122.836
TH_KNU1_A -56.9024 150.742 8.10117
TH_KNU1_B -23.2162 164.7 39.0571
TH_KNU2_A -74.6955 140.55 -17.3331
TH_KNU3_A -92.5267 134.472 -29.499
PALM_POSITION -18.0902 175.404 -18.6115
PALM_NORMAL 0.459527 -0.888014 -0.0163052
