F4_KNU1_A -52.5222 148.94 -77.47
F4_KNU1_B -43.2371 138.11 -38.8537
F4_KNU2_A -57.9025 148.327 -99.9884
F4_KNU3_A -61.5299 143.668 -115.258
F3_KNU1_A -22.0862 155.239 -84.9936
F3_KNU1_B -22.2695 139.992 -41.3972
F3_KNU2_A -23.2928 155.924 -112.206
F3_KNU3_A -24.8208 151.282 -129.537
F1_KNU1_A 32.0413 145.684 -61.5599
F1_KNU1_B 18.5111 134.809 -32.463
F1_KNU2_A 38.1768 146.94 -79.224
F1_KNU3_A 42.1192 144.1 -95.0095
F2_KNU1_A 3.60158 154.747 -77.554
F2_KNU1_B -0.74115 139.497 -37.7859
F2_KNU2_A 4.71274 156.782 -103.997
F2_KNU3_A 4.4165 153.414 -121.578
TH_KNU1_A -65.7085 128.238 6.8889
TH_KNU1_B -29.9624 125.897 38.5843
TH_KNU2_A -87.9007 128.27 -17.0878
TH_KNU3_A -107.431 131.827 -27.5198
PALM_POSITION -16.587 134.641 -18.0828
PALM_NORMAL -0.0148869 -0.998734 -0.0480482
