F4_KNU1_A -51.8794 151.972 -77.2545
F4_KNU1_B -42.5178 140.089 -38.9677
F4_KNU2_A -57.1931 151.896 -99.7969
F4_KNU3_A -60.6961 147.502 -115.174
F3_KNU1_A -21.6428 158.509 -84.6442
F3_KNU1_B -21.582 142.498 -41.3222
F3_KNU2_A -22.7964 159.606 -111.846
F3_KNU3_A -24.1764 155.15 -129.238
F1_KNU1_A 31.7699 149.933 -61.2467
F1_KNU1_B 19.2272 138.49 -31.9259
F1_KNU2_A 37.4101 151.334 -79.0643
F1_KNU3_A 40.9647 148.466 -94.9366
F2_KNU1_A 3.82444 158.416 -77.0869
F2_KNU1_B -0.0862446 142.611 -37.4912
F2_KNU2_A 4.84163 160.717 -103.512
F2_KNU3_A 4.58962 157.437 -121.11
TH_KNU1_A -65.1779 131.369 6.7066
TH_KNU1_B -29.7211 129.054 38.7271
TH_KNU2_A -87.1068 131.417 -17.5111
TH_KNU3_A -106.579 134.889 -28.0788
PALM_POSITION -16 137.546 -17.8955
PALM_NORMAL 0.0119066 -0.999232 -0.037327
