F4_KNU1_A -47.884 159.4 -76.5794
F4_KNU1_B -39.08 146.474 -38.499
F4_KNU2_A -53.4559 159.662 -99.058
F4_KNU3_A -57.4692 155.273 -114.311
F3_KNU1_A -17.0829 163.04 -84.3484
F3_KNU1_B -18.0318 147.35 -40.9195
F3_KNU2_A -18.3298 163.579 -111.563
F3_KNU3_A -20.188 158.514 -128.742
F1_KNU1_A 35.0569 150.992 -61.1215
F1_KNU1_B 22.4189 140.856 -31.3642
F1_KNU2_A 40.1437 151.122 -79.1589
F1_KNU3_A 42.6592 146.749 -94.8861
F2_KNU1_A 8.26831 161.248 -76.8325
F2_KNU1_B 3.42676 146.109 -37.0798
F2_KNU2_A 9.18991 162.683 -103.322
F2_KNU3_A 8.4392 158.534 -120.722
TH_KNU1_A -62.722 142.226 8.18206
TH_KNU1_B -26.9468 137.226 39.5349
TH_KNU2_A -84.4463 143.42 -16.1902
TH_KNU3_A -103.402 147.98 -27.2715
PALM_POSITION -12.7661 142.823 -17.3342
PALM_NORMAL -0.0571574 -0.99836 -0.00332938
