F4_KNU1_A -42.3919 171.316 -75.48
F4_KNU1_B -35.3633 157.159 -37.4681
F4_KNU2_A -48.3147 172.152 -97.8546
F4_KNU3_A -53.4039 168.018 -112.856
F3_KNU1_A -11.6882 169.008 -83.7774
F3_KNU1_B -14.5108 154.327 -40.0777
F3_KNU2_A -13.7265 168.425 -110.943
F3_KNU3_A -17.2039 162.354 -127.535
F1_KNU1_A 37.5917 148.213 -61.0318
F1_KNU1_B 24.3455 141.262 -30.6314
F1_KNU2_A 41.559 146.192 -79.2366
F1_KNU3_A 41.8917 139.838 -94.4783
F2_KNU1_A 13.3396 162.753 -76.5
F2_KNU1_B 6.46425 149.529 -36.3658
F2_KNU2_A 13.5962 162.217 -103.038
F2_KNU3_A 11.2075 156.361 -119.787
TH_KNU1_A -58.8596 159.985 10.1466
TH_KNU1_B -23.9765 148.327 40.7262
TH_KNU2_A -80.4106 165.127 -13.8637
TH_KNU3_A -98.2007 172.807 -25.1522
PALM_POSITION -9.79194 149.678 -16.4007
PALM_NORMAL -0.227792 -0.973274 0.0291148
