F4_KNU1_A -38.1499 182.703 -75.183
F4_KNU1_B -32.4835 168.011 -37.1469
F4_KNU2_A -44.3427 184.516 -97.4263
F4_KNU3_A -50.311 181.474 -112.365
F3_KNU1_A -8.50586 174.394 -84.0512
F3_KNU1_B -12.3652 161.844 -39.7706
F3_KNU2_A -11.0301 173.856 -111.177
F3_KNU3_A -15.4726 168.658 -127.835
F1_KNU1_A 36.868 146.37 -61.3854
F1_KNU1_B 23.9203 142.79 -30.2807
F1_KNU2_A 39.7151 143.17 -79.6307
F1_KNU3_A 38.455 136.499 -94.6875
F2_KNU1_A 15.3524 163.995 -76.8964
F2_KNU1_B 7.57947 153.772 -36.0554
F2_KNU2_A 15.0876 162.775 -103.411
F2_KNU3_A 11.7404 157.302 -120.126
TH_KNU1_A -55.3077 175.243 10.8943
TH_KNU1_B -22.4025 158.137 41.1021
TH_KNU2_A -76.2877 184.182 -12.5004
TH_KNU3_A -92.6024 194.256 -24.1303
PALM_POSITION -8.37533 156.701 -16.0616
PALM_NORMAL -0.38102 -0.923772 0.0383314
