F4_KNU1_A -32.1992 187.566 -75.7299
F4_KNU1_B -27.3201 173.911 -37.2013
F4_KNU2_A -38.0729 190.372 -97.9566
F4_KNU3_A -44.0153 189.1 -113.158
F3_KNU1_A -4.57898 173.97 -84.6877
F3_KNU1_B -8.1917 165.056 -39.5142
F3_KNU2_A -7.09199 173.451 -111.815
F3_KNU3_A -11.4408 169.652 -128.87
F1_KNU1_A 36.9011 141.218 -61.1222
F1_KNU1_B 25.1049 141.435 -29.3612
F1_KNU2_A 39.069 137.192 -79.2972
F1_KNU3_A 37.3796 130.856 -94.4563
F2_KNU1_A 17.8328 160.684 -77.1702
F2_KNU1_B 10.4478 154.429 -35.466
F2_KNU2_A 17.6029 159.156 -103.67
F2_KNU3_A 14.5032 154.871 -120.774
TH_KNU1_A -49.3342 184.952 10.4654
TH_KNU1_B -19.4045 163.916 41.2809
TH_KNU2_A -68.861 196.892 -12.8476
TH_KNU3_A -83.4561 208.666 -25.1472
PALM_POSITION -5.15625 159.771 -15.6955
PALM_NORMAL -0.502321 -0.863447 0.0461914
