F4_KNU1_A -25.4132 193.376 -74.0313
F4_KNU1_B -20.6186 180.699 -35.1592
F4_KNU2_A -31.2604 197.282 -96.0982
F4_KNU3_A -37.2608 197.906 -111.318
F3_KNU1_A -1.21599 173.723 -83.2354
F3_KNU1_B -3.71566 168.104 -37.4606
F3_KNU2_A -4.67527 172.961 -110.252
F3_KNU3_A -9.77307 170.068 -127.278
F1_KNU1_A 32.7653 133.945 -59.5879
F1_KNU1_B 24.2526 138.435 -27.1021
F1_KNU2_A 33.1579 129.038 -77.6712
F1_KNU3_A 30.1628 123.094 -92.7874
F2_KNU1_A 17.9233 156.2 -75.7603
F2_KNU1_B 12.4428 154.003 -33.357
F2_KNU2_A 16.3915 153.912 -102.161
F2_KNU3_A 12.4383 150.241 -119.233
TH_KNU1_A -39.3295 196.288 11.9843
TH_KNU1_B -13.7425 170.928 43.449
TH_KNU2_A -56.5872 212.034 -10.8546
TH_KNU3_A -68.7243 225.591 -23.9613
PALM_POSITION -1.46502 162.804 -13.5579
PALM_NORMAL -0.666035 -0.742507 0.0712801
