F4_KNU1_A -29.7549 186.548 -73.6785
F4_KNU1_B -22.9006 175.772 -34.5425
F4_KNU2_A -36.161 188.992 -95.8006
F4_KNU3_A -42.1361 188.422 -111.032
F3_KNU1_A -2.3331 172.256 -82.6607
F3_KNU1_B -4.43682 165.638 -36.9995
F3_KNU2_A -5.28068 171.596 -109.741
F3_KNU3_A -9.60057 168.503 -126.946
F1_KNU1_A 37.1116 137.769 -59.6115
F1_KNU1_B 27.0387 139.464 -27.3063
F1_KNU2_A 39.124 134.126 -77.885
F1_KNU3_A 38.068 128.979 -93.5436
F2_KNU1_A 19.6484 157.513 -75.3144
F2_KNU1_B 13.377 153.615 -33.1436
F2_KNU2_A 19.6924 156.165 -101.824
F2_KNU3_A 17.4163 153.03 -119.303
TH_KNU1_A -43.9637 185.752 11.8912
TH_KNU1_B -16.1633 163.316 43.6973
TH_KNU2_A -62.7637 200.471 -10.4083
TH_KNU3_A -76.0536 211.886 -24.4077
PALM_POSITION -1.92065 159.566 -13.308
PALM_NORMAL -0.562659 -0.826377 0.0226988
