F4_KNU1_A -42.7162 181.519 -76.0479
F4_KNU1_B -33.4736 171.203 -37.2809
F4_KNU2_A -49.4512 180.484 -98.1831
F4_KNU3_A -54.8063 175.554 -112.848
F3_KNU1_A -12.1317 182.394 -84.1982
F3_KNU1_B -12.609 168.677 -40.0988
F3_KNU2_A -14.9054 182.768 -111.302
F3_KNU3_A -18.4222 178.362 -128.404
F1_KNU1_A 36.6266 164.108 -62.7081
F1_KNU1_B 26.2843 154.983 -31.7609
F1_KNU2_A 39.538 164.599 -81.2156
F1_KNU3_A 39.6594 161.35 -97.4088
F2_KNU1_A 13.7804 177.311 -76.9999
F2_KNU1_B 8.37937 163.65 -36.7868
F2_KNU2_A 13.999 179.023 -103.488
F2_KNU3_A 12.1969 175.908 -121.026
TH_KNU1_A -56.0958 168.655 8.78351
TH_KNU1_B -22.1265 155.738 39.8817
TH_KNU2_A -78.1514 176.216 -14.1021
TH_KNU3_A -95.026 183.414 -26.9997
PALM_POSITION -7.89524 162.03 -16.902
PALM_NORMAL -0.224406 -0.972958 -0.0547187
